bbbbbbuuuummmmmmm	
DateTime	Grid Freq.	Current L1	Current L2	Current L3	Active Power Total:	Active Power L1:	Active Power L2:	Active Power L3:	Total reactive p.	Total Active Energy TT	Total Active Energy T1	Total Active Energy T2	Total Active Energy T3
0	2019-08-13 23:08	49.98	8.47	0.2	0.4	2.06	1.993	0.015	0.049	0.125	1861.0	673.12	1187.88	0.0
1	2019-08-13 23:08	49.97	8.47	0.24	0.39	2.068	1.992	0.026	0.049	0.125	1861.01	673.12	1187.89	0.0
2	2019-08-13 23:08	49.97	8.47	0.19	0.4	2.053	1.989	0.013999999999999999	0.049	0.125	1861.02	673.12	1187.9	0.0
3	2019-08-13 23:10	49.98	8.49	0.22	0.4	2.072	1.998	0.016	0.049	0.126	1861.08	673.12	1187.96	0.0
4	2019-08-14 06:30	50.01	0.14	0.25	0.15	0.039	0.01	0.027999999999999997	0.0	0.098	1863.96	673.2	1190.76	0.0
5	2019-08-14 06:35	50.0	0.14	0.24	0.15	0.034	0.01	0.022	0.0	0.099	1863.96	673.2	1190.76	0.0
6	2019-08-14 06:40	50.02	0.14	0.24	0.23	0.062	0.013000000000000001	0.027999999999999997	0.02	0.10800000000000001	1863.96	673.2	1190.76	0.0
7	2019-08-14 06:50	50.04	0.14	0.15	0.22	0.032	0.01	0.002	0.02	0.111	1863.97	673.21	1190.76	0.0
8	2019-08-14 07:00	50.04	0.11	0.15	0.23	0.036000000000000004	0.011000000000000001	0.002	0.022000000000000002	0.105	1864.01	673.25	1190.76	0.0
9	2019-08-14 07:10	50.02	0.37	0.15	0.15	0.067	0.062	0.002	0.003	0.083	1864.01	673.25	1190.76	0.0
10	2019-08-14 07:20	50.03	0.38	0.15	0.15	0.068	0.063	0.002	0.003	0.084	1864.02	673.26	1190.76	0.0
11	2019-08-14 07:30	50.05	0.12	0.15	0.15	0.018000000000000002	0.013	0.002	0.003	0.096	1864.03	673.27	1190.76	0.0
12	2019-08-14 07:40	50.02	0.37	0.15	0.15	0.065	0.059000000000000004	0.002	0.003	0.084	1864.04	673.28	1190.76	0.0
13	2019-08-14 07:50	50.02	0.37	0.15	0.15	0.066	0.061	0.002	0.002	0.084	1864.05	673.29	1190.76	0.0
14	2019-08-14 08:00	49.99	0.12	0.15	0.15	0.017	0.012	0.002	0.002	0.096	1864.05	673.29	1190.76	0.0
15	2019-08-14 08:10	50.05	0.39	0.15	0.15	0.069	0.064	0.002	0.003	0.083	1864.07	673.31	1190.76	0.0
16	2019-08-14 08:20	50.01	0.38	0.15	0.15	0.067	0.062	0.002	0.003	0.084	1864.08	673.32	1190.76	0.0
17	2019-08-14 08:30	50.02	0.35	0.15	0.15	0.062	0.057	0.002	0.003	0.085	1864.09	673.33	1190.76	0.0
18	2019-08-14 08:40	50.02	0.37	0.15	0.15	0.066	0.061	0.002	0.003	0.084	1864.1	673.34	1190.76	0.0
19	2019-08-14 08:50	50.02	0.37	0.15	0.15	0.065	0.06	0.002	0.003	0.085	1864.12	673.36	1190.76	0.0
20	2019-08-14 09:00	49.98	0.12	0.15	0.15	0.017	0.012	0.002	0.003	0.096	1864.12	673.36	1190.76	0.0
21	2019-08-14 09:10	50.01	0.87	0.15	0.15	0.213	0.208	0.002	0.003	0.094	1864.15	673.39	1190.76	0.0
22	2019-08-14 09:20	49.99	0.87	0.15	0.15	0.21100000000000002	0.20600000000000002	0.002	0.002	0.09300000000000001	1864.19	673.43	1190.76	0.0
23	2019-08-14 09:30	50.01	0.12	0.15	0.15	0.016	0.011	0.002	0.002	0.097	1864.21	673.45	1190.76	0.0
24	2019-08-14 09:40	50.01	0.46	0.15	0.15	0.08	0.075	0.002	0.002	0.081	1864.22	673.46	1190.76	0.0
25	2019-08-14 09:50	50.03	0.42	0.15	0.15	0.075	0.069	0.002	0.003	0.08199999999999999	1864.23	673.47	1190.76	0.0
26	2019-08-14 10:00	50.02	0.41	0.15	0.15	0.073	0.068	0.002	0.002	0.08199999999999999	1864.24	673.48	1190.76	0.0
27	2019-08-18 18:50	49.99	0.3	0.15	0.23	0.07200000000000001	0.048	0.003	0.02	0.096	1874.35	675.52	1198.83	0.0
28	2019-08-18 19:00	50.02	0.36	0.34	1.6	0.214	0.064	0.047	0.10099999999999999	0.35100000000000003	1874.36	675.53	1198.83	0.0
29	2019-08-18 19:10	49.98	0.36	0.21	5.43	1.367	0.066	0.022	1.277	0.098	1874.44	675.61	1198.83	0.0
30	2019-08-18 19:20	50.0	0.38	0.34	6.57	1.56	0.066	0.05	1.442	0.45799999999999996	1874.68	675.85	1198.83	0.0
31	2019-08-18 19:30	49.98	0.35	0.62	6.28	1.545	0.06	0.108	1.376	0.482	1874.92	676.09	1198.83	0.0
32	2019-08-18 19:40	50.0	0.39	0.58	2.14	0.33299999999999996	0.066	0.105	0.161	0.45899999999999996	1875.12	676.29	1198.83	0.0
33	2019-08-18 19:50	50.01	0.38	0.64	1.98	0.328	0.065	0.108	0.154	0.449	1875.17	676.34	1198.83	0.0
34	2019-08-18 20:20	50.0	0.24	0.54	0.4	0.171	0.028999999999999998	0.091	0.05	0.165	1875.35	676.52	1198.83	0.0
35	2019-08-18 20:30	50.01	0.52	0.52	0.4	0.233	0.094	0.087	0.05	0.151	1875.39	676.56	1198.83	0.0
36	2019-08-18 20:40	49.99	0.61	0.52	0.4	0.257	0.11699999999999999	0.08900000000000001	0.05	0.16399999999999998	1875.45	676.62	1198.83	0.0
37	2019-08-18 20:45	50.02	0.49	0.49	1.01	0.32299999999999995	0.08900000000000001	0.09	0.14300000000000002	0.153	1875.48	676.65	1198.83	0.0
38	2019-08-18 20:50	50.02	0.46	0.33	1.84	0.248	0.084	0.046	0.11800000000000001	0.517	1875.49	676.66	1198.83	0.0
39	2019-08-18 21:00	49.98	0.46	0.35	0.95	0.229	0.083	0.05	0.093	0.21	1875.54	676.71	1198.83	0.0
40	2019-08-18 21:10	50.01	0.24	0.58	0.8	0.195	0.028999999999999998	0.094	0.05	0.711	1875.57	676.72	1198.85	0.0
41	2019-08-18 21:20	50.03	0.38	0.53	1.44	0.254	0.067	0.08900000000000001	0.098	0.365	1875.61	676.72	1198.89	0.0
42	2019-08-18 21:30	50.0	0.38	0.59	0.28	0.207	0.068	0.107	0.031	0.153	1875.64	676.72	1198.92	0.0
43	2019-08-18 21:40	49.99	0.39	0.55	0.28	0.184	0.067	0.085	0.031	0.139	1875.69	676.72	1198.97	0.0
44	2019-08-18 21:50	50.02	0.37	0.63	2.42	0.33899999999999997	0.064	0.113	0.16	0.555	1875.74	676.72	1199.02	0.0
45	2019-08-23 19:00	50.01	0.34	0.27	0.23	0.117	0.062	0.032	0.023	0.114	1910.62	686.02	1224.6	0.0
46	2019-08-23 19:10	50.0	0.27	0.28	5.37	1.314	0.043	0.031	1.238	0.064	1910.85	686.25	1224.6	0.0
47	2019-08-23 19:20	49.99	0.2	0.28	5.39	1.314	0.029	0.034	1.251	0.123	1911.08	686.47	1224.6	0.0
48	2019-08-23 19:30	49.99	0.2	0.27	5.43	1.33	0.027999999999999997	0.031	1.2690000000000001	0.124	1911.32	686.72	1224.6	0.0
49	2019-08-23 19:40	50.01	0.2	0.28	2.26	0.18600000000000005	0.028	0.034	0.123	0.5710000000000001	1911.35	686.75	1224.6	0.0
50	2019-08-23 19:50	50.01	0.32	0.28	2.4	0.26899999999999996	0.059000000000000004	0.034	0.175	0.527	1911.38	686.78	1224.6	0.0
51	2019-08-23 20:00	50.0	0.28	0.31	2.4	0.242	0.045	0.043	0.153	0.504	1911.42	686.82	1224.6	0.0
52	2019-08-23 20:10	50.0	0.27	0.31	2.25	0.22899999999999998	0.043	0.044000000000000004	0.14300000000000002	0.47200000000000003	1911.44	686.84	1224.6	0.0
53	2019-08-23 20:20	49.99	0.11	0.31	2.17	0.196	0.011	0.043	0.141	0.501	1911.47	686.87	1224.6	0.0
54	2019-08-23 20:30	50.02	0.27	0.31	0.62	0.11599999999999999	0.043	0.043	0.028999999999999998	0.11	1911.49	686.89	1224.6	0.0
55	2019-08-23 20:40	50.02	0.25	0.31	0.23	0.107	0.04	0.043	0.023	0.112	1911.53	686.93	1224.6	0.0
56	2019-08-23 20:50	50.03	0.26	0.31	0.23	0.109	0.042	0.043	0.023	0.11199999999999999	1911.55	686.95	1224.6	0.0
57	2019-08-23 21:00	50.01	0.88	0.31	2.99	0.441	0.208	0.043	0.189	0.644	1911.59	686.99	1224.6	0.0
58	2019-08-23 21:10	50.03	0.87	0.31	2.97	0.444	0.20800000000000002	0.043	0.192	0.644	1911.63	687.0	1224.63	0.0
59	2019-08-23 21:20	50.04	0.12	0.31	0.23	0.09	0.011	0.043	0.035	0.12	1911.69	687.0	1224.69	0.0
60	2019-08-23 21:30	50.02	0.47	0.31	2.81	0.301	0.077	0.043	0.18	0.605	1911.72	687.0	1224.72	0.0
61	2019-08-23 21:40	50.0	0.42	0.31	0.23	0.135	0.068	0.043	0.022	0.104	1911.75	687.0	1224.75	0.0
62	2019-08-23 21:50	50.05	0.4	0.31	0.41	0.156	0.066	0.043	0.046	0.109	1911.78	687.0	1224.78	0.0
63	2019-08-23 22:00	50.0	8.69	0.3	0.23	2.105	2.044	0.042	0.022	0.105	1911.95	687.0	1224.95	0.0
64	2019-08-23 22:10	49.98	8.43	0.3	0.23	2.0340000000000003	1.9680000000000002	0.043	0.022000000000000002	0.11800000000000001	1912.29	687.0	1225.29	0.0
65	2019-08-23 22:20	50.02	8.58	0.3	0.23	2.086	2.02	0.042	0.021	0.127	1912.63	687.0	1225.63	0.0
66	2019-08-23 22:30	49.99	8.61	0.3	0.15	2.07	2.024	0.043	0.002	0.10099999999999999	1912.98	687.0	1225.98	0.0
67	2019-08-23 22:40	50.05	8.65	0.31	0.14	2.083	2.0380000000000003	0.042	0.002	0.099	1913.33	687.0	1226.33	0.0
68	2019-08-23 22:50	50.04	8.68	0.2	0.15	2.066	2.053	0.01	0.002	0.096	1913.67	687.0	1226.67	0.0
69	2019-08-23 23:00	50.0	0.28	0.2	0.15	0.059	0.046	0.012	0.0	0.098	1913.96	687.0	1226.96	0.0
70	2019-08-23 23:10	49.97	0.24	0.2	0.15	0.049	0.039	0.009000000000000001	0.0	0.1	1913.96	687.0	1226.96	0.0
71	2019-08-23 23:20	49.98	0.12	0.2	0.15	0.023	0.012	0.01	0.0	0.107	1914.16	687.0	1227.16	0.0
72	2019-08-23 23:30	50.02	0.12	0.2	0.15	0.021	0.011000000000000001	0.009000000000000001	0.0	0.107	1914.16	687.0	1227.16	0.0
73	2019-08-23 23:40	50.04	8.56	0.2	0.15	2.043	2.032	0.008	0.002	0.106	1914.24	687.0	1227.24	0.0
74	2019-08-23 23:50	50.02	0.27	0.2	0.15	0.054000000000000006	0.043	0.009000000000000001	0.0	0.1	1914.29	687.0	1227.29	0.0
75	2019-08-24 00:00	49.98	0.28	0.2	0.15	0.055	0.045	0.009000000000000001	0.0	0.1	1914.31	687.0	1227.31	0.0
76	2019-08-24 00:10	49.99	0.27	0.2	0.15	0.055	0.045	0.01	0.0	0.1	1914.45	687.0	1227.45	0.0
77	2019-08-24 00:20	50.01	0.26	0.2	0.15	0.052000000000000005	0.042	0.009000000000000001	0.0	0.1	1914.45	687.0	1227.45	0.0
78	2019-08-24 00:30	50.0	8.55	0.2	0.15	2.039	2.028	0.008	0.002	0.105	1914.53	687.0	1227.53	0.0
79	2019-08-24 00:40	50.0	0.12	0.2	0.15	0.021	0.011	0.009000000000000001	0.0	0.107	1914.59	687.0	1227.59	0.0
80	2019-08-24 00:50	50.03	0.11	0.2	0.15	0.021	0.011000000000000001	0.009000000000000001	0.0	0.10800000000000001	1914.59	687.0	1227.59	0.0
81	2019-08-24 01:00	49.99	0.26	0.2	0.15	0.053	0.042	0.01	0.0	0.101	1914.6	687.0	1227.6	0.0
82	2019-08-24 01:10	50.01	0.27	0.2	0.15	0.054000000000000006	0.044000000000000004	0.009000000000000001	0.0	0.10099999999999999	1914.75	687.0	1227.75	0.0
83	2019-08-24 01:20	50.0	0.27	0.2	0.15	0.055	0.044	0.009000000000000001	0.0	0.1	1914.76	687.0	1227.76	0.0
84	2019-08-24 01:30	49.99	0.25	0.2	0.15	0.051	0.040999999999999995	0.009000000000000001	0.0	0.102	1914.76	687.0	1227.76	0.0
85	2019-08-24 01:40	50.01	0.12	0.2	0.15	0.022	0.012	0.009000000000000001	0.0	0.108	1914.77	687.0	1227.77	0.0
86	2019-08-24 01:50	50.02	0.12	0.2	0.15	0.021	0.011000000000000001	0.009000000000000001	0.0	0.10800000000000001	1914.92	687.0	1227.92	0.0
87	2019-08-24 02:00	49.96	0.22	0.2	0.15	0.045	0.035	0.009000000000000001	0.0	0.102	1914.92	687.0	1227.92	0.0
88	2019-08-24 02:10	50.02	0.25	0.2	0.15	0.051	0.04	0.009000000000000001	0.0	0.10099999999999999	1914.94	687.0	1227.94	0.0
89	2019-08-24 02:20	50.03	0.25	0.2	0.15	0.051	0.041	0.01	0.0	0.101	1914.94	687.0	1227.94	0.0
90	2019-08-24 02:30	49.99	8.7	0.2	0.15	2.059	2.048	0.008	0.002	0.098	1914.95	687.0	1227.95	0.0
91	2019-08-24 02:40	49.99	0.11	0.2	0.15	0.021	0.011	0.009000000000000001	0.0	0.108	1915.1	687.0	1228.1	0.0
92	2019-08-24 02:50	50.0	0.12	0.2	0.15	0.021	0.01	0.01	0.0	0.10800000000000001	1915.1	687.0	1228.1	0.0
93	2019-08-24 03:00	50.0	0.19	0.2	0.15	0.039	0.029	0.009000000000000001	0.0	0.104	1915.1	687.0	1228.1	0.0
94	2019-08-24 03:10	49.99	0.27	0.2	0.15	0.053	0.043	0.009000000000000001	0.0	0.10099999999999999	1915.12	687.0	1228.12	0.0
95	2019-08-24 03:20	50.0	0.27	0.2	0.15	0.054000000000000006	0.044	0.009000000000000001	0.0	0.1	1915.13	687.0	1228.13	0.0
96	2019-08-24 03:30	50.03	8.67	0.2	0.15	2.064	2.053	0.008	0.002	0.099	1915.21	687.0	1228.21	0.0
97	2019-08-24 03:40	50.01	0.11	0.2	0.15	0.021	0.011	0.009000000000000001	0.0	0.107	1915.29	687.0	1228.29	0.0
98	2019-08-24 03:50	50.01	0.12	0.2	0.15	0.021	0.011000000000000001	0.009000000000000001	0.0	0.107	1915.29	687.0	1228.29	0.0
99	2019-08-24 04:00	50.02	0.19	0.2	0.15	0.04	0.029	0.009000000000000001	0.0	0.102	1915.29	687.0	1228.29	0.0
100	2019-08-24 04:10	49.99	0.27	0.2	0.15	0.054000000000000006	0.044000000000000004	0.009000000000000001	0.0	0.10099999999999999	1915.31	687.0	1228.31	0.0
101	2019-08-24 04:20	50.01	0.27	0.2	0.15	0.054000000000000006	0.043	0.009000000000000001	0.0	0.101	1915.32	687.0	1228.32	0.0
102	2019-08-24 04:30	50.01	0.12	0.2	0.15	0.023	0.032	0.01	0.0	0.106	1915.32	687.0	1228.32	0.0
103	2019-08-24 04:40	50.01	0.11	0.2	0.15	0.021	0.01	0.009000000000000001	0.0	0.106	1915.49	687.0	1228.49	0.0
104	2019-08-24 04:47	50.01	0.11	0.2	0.15	0.021	0.011000000000000001	0.009000000000000001	0.0	0.106	1915.49	687.0	1228.49	0.0
105	2019-08-24 04:50	50.01	0.11	0.2	0.15	0.021	0.011	0.009000000000000001	0.0	0.106	1915.49	687.0	1228.49	0.0
106	2019-08-24 05:00	50.04	0.25	0.2	0.15	0.049	0.039	0.009000000000000001	0.0	0.098	1915.5	687.0	1228.5	0.0
107	2019-08-24 05:10	50.01	0.27	0.2	0.15	0.054000000000000006	0.044	0.009000000000000001	0.0	0.096	1915.51	687.01	1228.5	0.0
108	2019-08-24 05:20	50.02	0.26	0.2	0.15	0.051	0.040999999999999995	0.009000000000000001	0.0	0.096	1915.52	687.02	1228.5	0.0
109	2019-08-24 05:30	50.01	0.11	0.2	0.15	0.021	0.011	0.009000000000000001	0.0	0.105	1915.53	687.03	1228.5	0.0
110	2019-08-24 05:40	50.02	0.11	0.2	0.15	0.021	0.011000000000000001	0.009000000000000001	0.0	0.105	1915.53	687.03	1228.5	0.0
111	2019-08-24 05:50	50.02	0.11	0.2	0.15	0.021	0.01	0.009000000000000001	0.0	0.105	1915.53	687.03	1228.5	0.0
112	2019-08-24 06:00	50.02	0.26	0.2	0.15	0.051	0.040999999999999995	0.009000000000000001	0.0	0.098	1915.54	687.04	1228.5	0.0
113	2019-08-24 06:10	49.97	0.26	0.2	0.15	0.053	0.043	0.009000000000000001	0.0	0.097	1915.54	687.04	1228.5	0.0
114	2019-08-24 06:20	49.98	0.27	0.2	0.15	0.054000000000000006	0.043	0.009000000000000001	0.0	0.096	1915.56	687.06	1228.5	0.0
115	2019-08-24 06:30	49.99	0.11	0.2	0.15	0.021	0.011	0.009000000000000001	0.0	0.104	1915.56	687.06	1228.5	0.0
116	2019-08-24 06:40	50.03	0.12	0.2	0.15	0.022000000000000002	0.011000000000000001	0.01	0.0	0.105	1915.57	687.07	1228.5	0.0
117	2019-08-24 06:50	49.98	0.13	0.2	0.15	0.027000000000000003	0.017	0.009000000000000001	0.0	0.103	1915.57	687.07	1228.5	0.0
118	2019-08-24 07:00	50.0	0.26	0.2	0.15	0.052000000000000005	0.042	0.009000000000000001	0.0	0.095	1915.57	687.07	1228.5	0.0
119	2019-08-24 07:10	50.0	0.27	0.2	0.15	0.053	0.043	0.009000000000000001	0.0	0.096	1915.58	687.08	1228.5	0.0
120	2019-08-24 07:20	49.99	0.26	0.2	0.15	0.051	0.04	0.009000000000000001	0.0	0.09699999999999999	1915.6	687.1	1228.5	0.0
121	2019-08-24 07:30	50.04	0.11	0.2	0.15	0.021	0.01	0.01	0.0	0.104	1915.6	687.1	1228.5	0.0
122	2019-08-24 07:40	50.0	0.11	0.2	0.15	0.02	0.01	0.009000000000000001	0.0	0.10400000000000001	1915.61	687.11	1228.5	0.0
123	2019-08-24 07:50	50.0	0.23	0.2	0.15	0.046	0.036000000000000004	0.009000000000000001	0.0	0.096	1915.61	687.11	1228.5	0.0
124	2019-08-24 08:00	50.01	0.28	0.2	0.15	0.055	0.044000000000000004	0.009000000000000001	0.0	0.096	1915.62	687.12	1228.5	0.0
125	2019-08-24 08:10	50.02	0.27	0.2	0.15	0.053	0.042	0.009000000000000001	0.0	0.095	1915.63	687.13	1228.5	0.0
126	2019-08-24 08:20	50.03	0.11	0.2	0.14	0.021	0.011000000000000001	0.009000000000000001	0.0	0.10300000000000001	1915.64	687.14	1228.5	0.0
127	2019-08-24 08:30	50.01	0.11	0.2	0.23	0.041	0.01	0.009000000000000001	0.02	0.112	1915.65	687.15	1228.5	0.0
128	2019-08-24 08:40	50.02	0.11	0.2	0.22	0.04	0.011000000000000001	0.009000000000000001	0.019	0.11199999999999999	1915.65	687.15	1228.5	0.0
129	2019-08-24 08:50	49.99	0.24	0.2	0.22	0.068	0.038	0.009000000000000001	0.019	0.106	1915.65	687.15	1228.5	0.0
130	2019-08-24 09:00	50.03	0.28	0.2	0.22	0.073	0.044000000000000004	0.009000000000000001	0.02	0.105	1915.78	687.28	1228.5	0.0
131	2019-08-24 09:10	50.0	0.26	0.28	0.22	0.097	0.042	0.034	0.019	0.107	1915.8	687.3	1228.5	0.0
132	2019-08-24 09:20	50.02	0.11	0.28	0.15	0.046	0.01	0.034	0.0	0.105	1915.84	687.34	1228.5	0.0
133	2019-08-24 09:30	50.01	0.11	0.28	0.15	0.046	0.01	0.034	0.0	0.104	1915.85	687.35	1228.5	0.0
134	2019-08-24 09:40	50.03	0.11	0.28	0.15	0.046	0.01	0.034	0.0	0.10400000000000001	1915.85	687.35	1228.5	0.0
135	2019-08-24 09:50	50.01	0.26	0.28	0.15	0.077	0.042	0.034	0.0	0.095	1915.99	687.49	1228.5	0.0
136	2019-08-24 10:00	49.99	0.27	0.28	0.14	0.079	0.044000000000000004	0.034	0.0	0.096	1916.0	687.5	1228.5	0.0
137	2019-08-24 10:10	50.02	0.28	0.28	0.15	0.079	0.044	0.033	0.0	0.095	1916.01	687.51	1228.5	0.0
138	2019-08-24 10:20	50.0	0.12	0.27	0.15	0.049	0.012	0.032	0.004	0.10300000000000001	1916.03	687.53	1228.5	0.0
139	2019-08-24 10:30	50.03	0.11	0.28	5.79	1.287	0.01	0.032	1.244	0.541	1916.2	687.7	1228.5	0.0
140	2019-08-24 10:40	49.99	0.11	0.27	1.9	0.129	0.01	0.032	0.086	0.529	1916.26	687.76	1228.5	0.0
141	2019-08-24 10:50	50.0	0.25	0.28	0.07	0.114	0.04	0.033	0.04	0.062	1916.28	687.78	1228.5	0.0
142	2019-08-24 11:00	49.98	0.27	0.27	0.11	0.121	0.044000000000000004	0.032	0.044000000000000004	0.063	1916.31	687.81	1228.5	0.0
143	2019-08-24 11:10	50.02	0.28	0.27	0.13	0.094	0.045	0.031	0.017	0.097	1916.33	687.83	1228.5	0.0
144	2019-08-24 11:20	50.02	0.27	0.27	0.15	0.076	0.042	0.032	0.001	0.09699999999999999	1916.35	687.85	1228.5	0.0
145	2019-08-24 11:30	50.02	0.11	0.28	0.14	0.045	0.01	0.032	0.001	0.103	1916.35	687.85	1228.5	0.0
146	2019-08-24 11:40	50.02	0.11	0.27	0.14	0.045	0.011000000000000001	0.032	0.001	0.105	1916.36	687.86	1228.5	0.0
147	2019-08-24 11:50	50.01	0.24	0.27	0.15	0.07200000000000001	0.038	0.031	0.001	0.097	1916.37	687.87	1228.5	0.0
148	2019-08-24 12:00	50.02	0.26	0.27	0.15	0.076	0.042	0.032	0.001	0.096	1916.38	687.88	1228.5	0.0
149	2019-08-24 12:10	50.01	0.29	0.28	0.15	0.078	0.044	0.032	0.001	0.095	1916.39	687.89	1228.5	0.0
150	2019-08-24 12:20	50.0	0.27	0.27	0.14	0.077	0.043	0.032	0.001	0.096	1916.41	687.91	1228.5	0.0
151	2019-08-24 12:30	50.03	0.11	0.26	0.15	0.046	0.01	0.036000000000000004	0.0	0.099	1916.42	687.92	1228.5	0.0
152	2019-08-24 12:40	50.01	0.11	0.28	0.15	0.051	0.011000000000000001	0.04	0.0	0.1	1916.42	687.92	1228.5	0.0
153	2019-08-24 12:50	50.02	0.23	0.26	0.15	0.07200000000000001	0.036000000000000004	0.036000000000000004	0.0	0.093	1916.43	687.93	1228.5	0.0
154	2019-08-24 13:00	49.99	0.28	0.27	0.15	0.085	0.046	0.038	0.0	0.091	1916.44	687.94	1228.5	0.0
155	2019-08-24 13:10	50.0	0.27	0.28	0.15	0.08199999999999999	0.044	0.038	0.0	0.091	1916.46	687.96	1228.5	0.0
156	2019-08-24 13:20	49.99	0.26	0.27	0.15	0.07400000000000001	0.042	0.032	0.0	0.098	1916.48	687.98	1228.5	0.0
157	2019-08-24 13:30	50.02	0.11	0.31	0.15	0.044	0.011	0.032	0.0	0.117	1916.48	687.98	1228.5	0.0
158	2019-08-24 13:40	50.0	0.11	0.44	0.15	0.073	0.01	0.062	0.0	0.129	1916.49	687.99	1228.5	0.0
159	2019-08-24 13:50	50.0	0.23	0.44	0.15	0.1	0.036000000000000004	0.062	0.0	0.123	1916.5	688.0	1228.5	0.0
160	2019-08-24 14:00	49.99	0.28	0.43	0.15	0.10800000000000001	0.045	0.061	0.0	0.12	1916.52	688.02	1228.5	0.0
161	2019-08-24 14:10	50.0	0.28	0.27	0.15	0.077	0.044	0.032	0.0	0.097	1916.53	688.02	1228.51	0.0
162	2019-08-24 14:20	50.0	0.12	0.27	0.25	0.069	0.011000000000000001	0.032	0.025	0.107	1916.54	688.02	1228.52	0.0
163	2019-08-24 14:30	50.01	0.12	0.27	9.3	2.202	0.011	0.031	2.158	0.124	1916.67	688.02	1228.65	0.0
164	2019-08-24 14:40	50.0	0.11	0.27	0.57	0.11599999999999999	0.011000000000000001	0.032	0.073	0.129	1916.81	688.02	1228.79	0.0
165	2019-08-24 14:50	50.0	0.26	0.27	0.52	0.131	0.042	0.032	0.055	0.112	1916.83	688.02	1228.81	0.0
166	2019-08-24 15:00	50.03	8.63	0.26	0.41	2.105	2.028	0.03	0.046	0.105	1916.96	688.02	1228.94	0.0
167	2019-08-24 15:10	50.01	8.63	0.27	0.52	2.12	2.031	0.03	0.058	0.111	1917.31	688.02	1229.29	0.0
168	2019-08-24 15:20	50.0	8.67	0.27	0.25	2.114	2.05	0.031	0.033	0.095	1917.67	688.02	1229.64	0.0
169	2019-08-24 15:30	50.0	8.47	0.27	0.42	2.067	1.989	0.031	0.046	0.115	1918.01	688.02	1229.99	0.0
170	2019-08-24 15:40	49.98	8.52	0.27	0.52	2.105	2.0140000000000002	0.031	0.057	0.12	1918.36	688.02	1230.34	0.0
171	2019-08-24 15:50	49.99	8.58	0.27	0.41	2.097	2.02	0.031	0.046	0.108	1918.69	688.02	1230.67	0.0
172	2019-08-24 16:00	49.99	0.28	0.27	0.41	0.122	0.046	0.032	0.044000000000000004	0.107	1918.92	688.02	1230.9	0.0
173	2019-08-24 16:10	50.03	0.28	0.27	0.33	0.114	0.046	0.032	0.035	0.103	1918.95	688.04	1230.91	0.0
174	2019-08-24 16:20	50.01	0.25	0.28	9.02	2.18	0.04	0.032	2.1069999999999998	0.114	1919.32	688.41	1230.91	0.0
175	2019-08-24 16:30	50.0	0.11	0.31	0.15	0.053	0.011	0.039	0.002	0.105	1919.43	688.52	1230.91	0.0
176	2019-08-24 16:40	49.98	0.11	0.3	0.15	0.052000000000000005	0.011000000000000001	0.038	0.002	0.106	1919.44	688.53	1230.91	0.0
177	2019-08-24 16:50	49.99	0.23	0.3	0.15	0.079	0.037000000000000005	0.038	0.002	0.099	1919.46	688.55	1230.91	0.0
178	2019-08-24 17:00	50.04	0.27	0.3	0.15	0.086	0.044000000000000004	0.039	0.002	0.099	1919.46	688.55	1230.91	0.0
179	2019-08-24 17:10	50.0	0.28	0.31	5.21	0.941	0.046	0.039	0.857	0.622	1919.53	688.62	1230.91	0.0
180	2019-08-24 17:20	49.99	0.27	0.31	0.28	0.107	0.044000000000000004	0.04	0.022000000000000002	0.122	1919.68	688.77	1230.91	0.0
181	2019-08-24 17:30	49.99	0.11	0.31	0.23	0.071	0.011	0.04	0.019	0.116	1919.74	688.83	1230.91	0.0
182	2019-08-24 17:40	49.98	0.11	0.31	0.23	0.071	0.011000000000000001	0.04	0.019	0.11599999999999999	1919.75	688.84	1230.91	0.0
183	2019-08-24 17:50	49.99	0.11	0.32	1.87	0.149	0.011	0.042	0.095	0.419	1919.78	688.87	1230.91	0.0
184	2019-08-24 18:00	50.03	0.28	0.32	1.77	0.165	0.045	0.042	0.077	0.098	1919.91	689.0	1230.91	0.0
185	2019-08-24 18:10	50.01	0.29	0.22	1.77	0.163	0.046	0.019	0.14800000000000002	0.104	1919.94	689.03	1230.91	0.0
186	2019-08-24 18:20	50.03	12.84	0.31	1.44	3.0860000000000003	2.984	0.039	0.062	0.1	1920.0	689.09	1230.91	0.0
187	2019-08-24 18:30	50.02	0.11	0.34	0.19	0.087	0.011	0.05	0.025	0.113	1920.17	689.26	1230.91	0.0
188	2019-08-24 18:40	50.0	0.27	0.34	0.2	0.11	0.044000000000000004	0.05	0.013999999999999999	0.105	1920.2	689.29	1230.91	0.0
189	2019-08-24 18:50	49.99	0.29	0.33	0.19	0.11	0.046	0.049	0.014	0.104	1920.23	689.32	1230.91	0.0
190	2019-08-24 19:00	49.99	0.12	0.33	0.19	0.07400000000000001	0.012	0.047	0.013999999999999999	0.113	1920.26	689.35	1230.91	0.0
191	2019-08-24 19:10	49.98	0.86	0.33	2.25	0.265	0.203	0.046	0.015	0.453	1920.3	689.39	1230.91	0.0
192	2019-08-24 19:20	50.02	0.87	0.37	0.19	0.273	0.205	0.053	0.013999999999999999	0.109	1920.35	689.44	1230.91	0.0
193	2019-08-24 19:30	50.01	0.11	0.31	2.88	0.234	0.011	0.043	0.18	0.612	1920.39	689.48	1230.91	0.0
194	2019-08-24 19:40	50.0	0.45	0.32	2.72	0.289	0.075	0.043	0.16899999999999998	0.5670000000000001	1920.43	689.52	1230.91	0.0
195	2019-08-24 19:50	50.0	0.41	0.32	0.94	0.251	0.068	0.043	0.138	0.2	1920.45	689.54	1230.91	0.0
196	2019-08-24 20:00	49.97	0.12	0.31	0.29	0.086	0.011000000000000001	0.043	0.03	0.12300000000000001	1920.49	689.58	1230.91	0.0
197	2019-08-24 20:10	50.0	0.11	0.31	0.29	0.084	0.011	0.042	0.03	0.124	1920.5	689.59	1230.91	0.0
198	2019-08-24 20:20	50.04	0.29	0.31	0.28	0.12	0.046	0.042	0.03	0.115	1920.52	689.61	1230.91	0.0
199	2019-08-24 20:30	50.01	0.29	0.36	0.18	0.11	0.047	0.052000000000000005	0.011	0.106	1920.53	689.62	1230.91	0.0
200	2019-08-24 20:40	50.06	0.11	0.36	0.18	0.07400000000000001	0.011000000000000001	0.052000000000000005	0.011000000000000001	0.115	1920.55	689.64	1230.91	0.0
201	2019-08-24 20:50	50.05	0.11	0.36	0.29	0.094	0.011	0.052000000000000005	0.031	0.124	1920.56	689.65	1230.91	0.0
202	2019-08-24 21:00	50.01	0.11	0.34	0.29	0.092	0.011000000000000001	0.05	0.03	0.126	1920.58	689.67	1230.91	0.0
203	2019-08-24 21:10	50.01	0.29	0.35	0.29	0.129	0.047	0.051	0.03	0.118	1920.59	689.67	1230.92	0.0
204	2019-08-24 21:20	49.99	0.12	0.34	0.29	0.094	0.012	0.051	0.03	0.126	1920.61	689.67	1230.94	0.0
205	2019-08-24 21:30	50.02	0.21	0.34	0.29	0.11	0.029	0.051	0.03	0.135	1920.63	689.67	1230.96	0.0
206	2019-08-24 21:40	50.03	0.12	0.34	0.29	0.096	0.013999999999999999	0.051	0.03	0.126	1920.65	689.67	1230.98	0.0
207	2019-08-24 21:50	50.03	0.25	0.34	0.18	0.103	0.041	0.05	0.01	0.11	1920.67	689.67	1231.0	0.0
208	2019-08-24 22:00	49.97	8.69	0.33	0.18	2.116	2.055	0.048	0.012	0.107	1920.8	689.67	1231.13	0.0
209	2019-08-24 22:10	49.99	8.53	0.33	0.18	2.08	2.019	0.048	0.012	0.115	1921.15	689.67	1231.48	0.0
210	2019-08-24 22:20	50.04	8.53	0.3	0.15	2.06	2.019	0.038	0.002	0.107	1921.48	689.67	1231.81	0.0
211	2019-08-24 22:30	50.0	8.6	0.29	0.23	2.099	2.039	0.036000000000000004	0.023	0.122	1921.83	689.67	1232.16	0.0
212	2019-08-24 22:40	50.01	8.69	0.29	0.14	2.097	2.0580000000000003	0.036000000000000004	0.002	0.1	1922.17	689.67	1232.5	0.0
213	2019-08-24 22:50	50.02	8.71	0.21	0.15	2.083	2.066	0.014	0.002	0.098	1922.53	689.67	1232.86	0.0
214	2019-08-24 23:00	49.98	8.52	0.2	0.15	2.026	2.013	0.01	0.002	0.105	1922.87	689.67	1233.2	0.0
215	2019-08-24 23:10	49.98	8.55	0.19	0.15	2.039	2.028	0.008	0.002	0.106	1923.2	689.67	1233.53	0.0
216	2019-08-24 23:20	50.02	0.12	0.2	0.15	0.021	0.011000000000000001	0.009000000000000001	0.0	0.107	1923.52	689.67	1233.85	0.0
217	2019-08-24 23:30	49.99	0.28	0.2	0.15	0.057	0.047	0.009000000000000001	0.0	0.1	1923.53	689.67	1233.86	0.0
218	2019-08-24 23:40	50.02	0.27	0.2	0.15	0.054000000000000006	0.044000000000000004	0.009000000000000001	0.0	0.102	1923.68	689.67	1234.01	0.0
219	2019-08-24 23:50	50.02	0.12	0.2	0.15	0.021	0.011	0.009000000000000001	0.0	0.106	1923.69	689.67	1234.02	0.0
220	2019-08-25 00:00	50.0	0.11	0.2	0.15	0.021	0.011000000000000001	0.009000000000000001	0.0	0.106	1923.81	689.67	1234.14	0.0
221	2019-08-25 00:10	49.99	8.52	0.19	0.14	2.006	1.995	0.008	0.002	0.1	1923.83	689.67	1234.16	0.0
222	2019-08-25 00:20	50.02	0.28	0.2	0.15	0.055999999999999994	0.046	0.009000000000000001	0.0	0.098	1923.93	689.67	1234.26	0.0
223	2019-08-25 00:30	50.01	0.12	0.2	0.15	0.022	0.012	0.009000000000000001	0.0	0.105	1923.95	689.67	1234.28	0.0
224	2019-08-25 00:40	50.02	0.11	0.2	0.15	0.02	0.011000000000000001	0.009000000000000001	0.0	0.106	1924.07	689.67	1234.4	0.0
225	2019-08-25 00:50	50.03	0.11	0.2	0.15	0.021	0.011	0.009000000000000001	0.0	0.106	1924.07	689.67	1234.4	0.0
226	2019-08-25 01:00	49.97	8.54	0.19	0.14	2.009	1.9980000000000002	0.006999999999999999	0.002	0.099	1924.11	689.67	1234.44	0.0
227	2019-08-25 01:10	50.02	0.27	0.2	0.15	0.053	0.043	0.009000000000000001	0.0	0.099	1924.2	689.67	1234.53	0.0
228	2019-08-25 01:20	50.01	0.12	0.2	0.15	0.021	0.011000000000000001	0.009000000000000001	0.0	0.106	1924.21	689.67	1234.54	0.0
229	2019-08-25 01:30	50.01	0.12	0.2	0.14	0.021	0.011	0.009000000000000001	0.0	0.105	1924.21	689.67	1234.54	0.0
230	2019-08-25 01:40	50.01	0.11	0.2	0.15	0.021	0.011000000000000001	0.009000000000000001	0.0	0.106	1924.36	689.67	1234.69	0.0
231	2019-08-25 01:50	50.01	0.25	0.2	0.15	0.052000000000000005	0.04	0.011	0.0	0.1	1924.36	689.67	1234.69	0.0
232	2019-08-25 02:00	49.98	0.27	0.2	0.15	0.057	0.045	0.011000000000000001	0.0	0.098	1924.37	689.67	1234.7	0.0
233	2019-08-25 02:10	49.99	0.11	0.2	0.15	0.023	0.011	0.011	0.0	0.106	1924.38	689.67	1234.71	0.0
234	2019-08-25 02:20	50.01	0.12	0.2	0.15	0.023	0.011000000000000001	0.011000000000000001	0.0	0.106	1924.52	689.67	1234.85	0.0
235	2019-08-25 02:30	50.01	0.12	0.2	0.15	0.024	0.011	0.011	0.0	0.106	1924.53	689.67	1234.86	0.0
236	2019-08-25 02:40	50.0	0.22	0.2	0.15	0.047	0.034	0.011000000000000001	0.0	0.10099999999999999	1924.54	689.67	1234.87	0.0
237	2019-08-25 02:50	50.02	0.28	0.2	0.15	0.058	0.045	0.011	0.0	0.099	1924.54	689.67	1234.87	0.0
238	2019-08-25 03:00	50.04	0.12	0.2	0.15	0.023	0.011000000000000001	0.011000000000000001	0.0	0.105	1924.55	689.67	1234.88	0.0
239	2019-08-25 03:10	49.99	0.11	0.2	0.15	0.023	0.01	0.011	0.0	0.106	1924.7	689.67	1235.03	0.0
240	2019-08-25 03:20	49.95	0.11	0.2	0.15	0.023	0.011000000000000001	0.011000000000000001	0.0	0.105	1924.71	689.67	1235.04	0.0
241	2019-08-25 03:30	50.02	0.21	0.2	0.15	0.044	0.032	0.011	0.0	0.101	1924.71	689.67	1235.04	0.0
242	2019-08-25 03:40	50.01	0.27	0.2	0.15	0.055999999999999994	0.044000000000000004	0.011000000000000001	0.0	0.1	1924.72	689.67	1235.05	0.0
243	2019-08-25 03:50	50.01	0.12	0.2	0.15	0.024	0.012	0.011	0.0	0.105	1924.73	689.67	1235.06	0.0
244	2019-08-25 04:00	50.0	8.47	0.2	0.14	2.003	1.99	0.01	0.002	0.10400000000000001	1924.74	689.67	1235.07	0.0
245	2019-08-25 04:10	50.02	0.11	0.2	0.15	0.023	0.011	0.011	0.0	0.106	1924.88	689.67	1235.21	0.0
246	2019-08-25 04:20	50.02	0.12	0.2	0.15	0.025	0.012	0.011000000000000001	0.0	0.106	1924.89	689.67	1235.22	0.0
247	2019-08-25 04:30	50.0	0.27	0.2	0.15	0.057	0.045	0.011	0.0	0.098	1924.9	689.67	1235.23	0.0
248	2019-08-25 04:40	50.03	0.27	0.2	0.15	0.055999999999999994	0.044000000000000004	0.011000000000000001	0.0	0.098	1924.91	689.67	1235.24	0.0
249	2019-08-25 04:50	50.01	0.11	0.2	0.15	0.022	0.011	0.011	0.0	0.105	1924.91	689.67	1235.24	0.0
250	2019-08-25 05:00	50.02	0.11	0.2	0.15	0.023	0.011000000000000001	0.011000000000000001	0.0	0.105	1924.91	689.67	1235.24	0.0
251	2019-08-25 05:10	49.99	0.11	0.2	0.15	0.023	0.01	0.011	0.0	0.104	1924.92	689.67	1235.25	0.0
252	2019-08-25 05:20	50.0	0.27	0.2	0.15	0.055999999999999994	0.044000000000000004	0.011000000000000001	0.0	0.09699999999999999	1924.94	689.69	1235.25	0.0
253	2019-08-25 05:30	50.0	0.27	0.2	0.15	0.056	0.043	0.011	0.0	0.098	1924.95	689.7	1235.25	0.0
254	2019-08-25 05:40	50.02	0.11	0.2	0.15	0.023	0.011000000000000001	0.011000000000000001	0.0	0.105	1924.95	689.7	1235.25	0.0
255	2019-08-25 05:50	50.02	0.11	0.2	0.15	0.023	0.011	0.011	0.0	0.105	1924.95	689.7	1235.25	0.0
256	2019-08-25 06:00	50.04	0.11	0.2	0.15	0.023	0.011000000000000001	0.011000000000000001	0.0	0.106	1924.95	689.7	1235.25	0.0
257	2019-08-25 06:10	50.0	0.27	0.2	0.15	0.055	0.043	0.011	0.0	0.094	1924.97	689.72	1235.25	0.0
258	2019-08-25 06:20	50.02	0.28	0.2	0.15	0.055999999999999994	0.044000000000000004	0.011000000000000001	0.0	0.09699999999999999	1924.97	689.72	1235.25	0.0
259	2019-08-25 06:30	50.0	0.12	0.2	0.15	0.023	0.011	0.011	0.0	0.105	1924.98	689.73	1235.25	0.0
260	2019-08-25 06:40	49.99	0.11	0.2	0.15	0.023	0.011000000000000001	0.011000000000000001	0.0	0.105	1924.98	689.73	1235.25	0.0
261	2019-08-25 06:50	49.99	0.11	0.2	0.15	0.023	0.011	0.011	0.0	0.105	1924.98	689.73	1235.25	0.0
262	2019-08-25 07:00	49.99	0.24	0.2	0.15	0.051	0.038	0.011000000000000001	0.0	0.098	1924.99	689.74	1235.25	0.0
263	2019-08-25 07:10	49.99	0.28	0.2	0.15	0.058	0.045	0.011	0.0	0.096	1925.0	689.75	1235.25	0.0
264	2019-08-25 07:20	50.01	0.12	0.2	0.15	0.024	0.011000000000000001	0.011000000000000001	0.0	0.105	1925.01	689.76	1235.25	0.0
265	2019-08-25 07:30	50.02	0.11	0.2	0.15	0.023	0.011	0.011	0.0	0.104	1925.01	689.76	1235.25	0.0
266	2019-08-25 07:40	50.02	0.11	0.2	0.15	0.023	0.011000000000000001	0.011000000000000001	0.0	0.10400000000000001	1925.01	689.76	1235.25	0.0
267	2019-08-25 07:50	50.0	0.24	0.2	0.15	0.05	0.038	0.011	0.0	0.097	1925.02	689.77	1235.25	0.0
268	2019-08-25 08:00	50.02	0.27	0.2	0.15	0.055999999999999994	0.044000000000000004	0.011000000000000001	0.0	0.095	1925.03	689.78	1235.25	0.0
269	2019-08-25 08:10	50.0	0.12	0.2	0.15	0.023	0.011	0.011	0.0	0.103	1925.04	689.79	1235.25	0.0
270	2019-08-25 08:20	50.01	0.11	0.2	0.15	0.023	0.01	0.011000000000000001	0.0	0.10300000000000001	1925.04	689.79	1235.25	0.0
271	2019-08-25 08:30	50.03	0.11	0.2	0.15	0.023	0.01	0.011	0.0	0.103	1925.04	689.79	1235.25	0.0
272	2019-08-25 08:40	50.03	0.21	0.2	0.15	0.045	0.033	0.012	0.0	0.099	1925.05	689.8	1235.25	0.0
273	2019-08-25 08:50	50.04	0.28	0.2	0.15	0.058	0.045	0.011	0.0	0.096	1925.06	689.81	1235.25	0.0
274	2019-08-25 09:00	50.01	0.12	0.2	0.15	0.024	0.012	0.011000000000000001	0.0	0.102	1925.07	689.82	1235.25	0.0
275	2019-08-25 09:10	50.03	0.11	0.2	0.15	0.023	0.011	0.011	0.0	0.103	1925.07	689.82	1235.25	0.0
276	2019-08-25 09:20	50.01	0.11	0.2	0.15	0.023	0.01	0.011000000000000001	0.0	0.10300000000000001	1925.16	689.91	1235.25	0.0
277	2019-08-25 09:30	50.01	0.15	0.28	0.15	0.056	0.02	0.034	0.0	0.102	1925.19	689.94	1235.25	0.0
278	2019-08-25 09:40	50.01	0.4	0.28	0.15	0.10099999999999999	0.066	0.034	0.0	0.09300000000000001	1925.21	689.96	1235.25	0.0
279	2019-08-25 09:50	50.02	0.38	0.28	0.15	0.098	0.063	0.034	0.0	0.093	1925.23	689.98	1235.25	0.0
280	2019-08-25 10:00	50.01	0.35	0.28	0.15	0.092	0.057	0.034	0.0	0.094	1925.24	689.99	1235.25	0.0
281	2019-08-25 10:10	50.0	0.3	0.2	0.33	0.105	0.049	0.011	0.044	0.103	1925.26	690.01	1235.25	0.0
282	2019-08-25 10:20	50.0	0.38	0.2	9.27	2.2	0.063	0.006999999999999999	2.129	0.106	1925.36	690.11	1235.25	0.0
283	2019-08-25 10:30	50.0	0.37	0.2	0.48	0.122	0.061	0.008	0.052000000000000005	0.102	1925.52	690.27	1235.25	0.0
284	2019-08-27 05:50	50.01	0.1	0.38	0.15	0.068	0.009000000000000001	0.057999999999999996	0.0	0.11599999999999999	1933.81	691.73	1242.08	0.0
285	2019-08-27 06:00	50.04	0.41	0.2	0.15	0.077	0.066	0.01	0.0	0.08900000000000001	1933.82	691.74	1242.08	0.0
286	2019-08-27 06:10	49.99	0.38	0.2	0.15	0.073	0.063	0.009000000000000001	0.0	0.09	1933.83	691.75	1242.08	0.0
287	2019-08-27 06:20	50.0	0.4	0.2	0.15	0.075	0.065	0.008	0.0	0.08900000000000001	1933.84	691.76	1242.08	0.0
288	2019-08-27 06:30	49.98	0.38	0.2	0.15	0.071	0.061	0.008	0.0	0.09	1933.86	691.78	1242.08	0.0
289	2019-08-27 06:40	49.99	0.39	0.2	0.15	0.073	0.063	0.009000000000000001	0.0	0.08900000000000001	1933.87	691.79	1242.08	0.0
290	2019-08-27 06:50	49.99	0.39	0.2	0.15	0.07400000000000001	0.064	0.009000000000000001	0.0	0.091	1933.88	691.8	1242.08	0.0
291	2019-08-27 07:00	50.01	0.11	0.2	0.15	0.021	0.011	0.008	0.0	0.103	1933.89	691.81	1242.08	0.0
292	2019-08-27 07:10	50.0	0.39	0.2	0.15	0.073	0.064	0.008	0.0	0.091	1933.89	691.81	1242.08	0.0
293	2019-08-27 07:20	49.97	0.39	0.2	0.15	0.073	0.063	0.009000000000000001	0.0	0.09	1933.9	691.82	1242.08	0.0
294	2019-08-27 07:30	49.97	0.39	0.2	0.15	0.07200000000000001	0.063	0.009000000000000001	0.0	0.09	1933.93	691.85	1242.08	0.0
295	2019-08-27 07:40	50.01	0.11	0.2	0.15	0.021	0.011	0.008	0.0	0.102	1933.94	691.86	1242.08	0.0
296	2019-08-27 07:50	49.96	0.37	0.2	0.15	0.069	0.059000000000000004	0.008	0.0	0.091	1933.95	691.87	1242.08	0.0
297	2019-08-27 08:00	50.03	0.38	0.2	0.15	0.07200000000000001	0.063	0.008	0.0	0.09	1933.96	691.88	1242.08	0.0
298	2019-08-27 08:10	50.02	0.38	0.2	0.15	0.07200000000000001	0.062	0.009000000000000001	0.0	0.08900000000000001	1933.97	691.89	1242.08	0.0
299	2019-08-27 08:20	49.98	0.4	0.2	0.14	0.075	0.065	0.008	0.0	0.087	1933.98	691.9	1242.08	0.0
300	2019-08-27 08:30	50.02	0.4	0.2	0.15	0.07400000000000001	0.064	0.008	0.0	0.08800000000000001	1933.99	691.91	1242.08	0.0
301	2019-08-27 08:40	50.01	0.11	0.2	0.15	0.02	0.011	0.008	0.0	0.101	1934.01	691.93	1242.08	0.0
302	2019-08-27 08:50	49.99	0.39	0.2	0.14	0.07400000000000001	0.064	0.008	0.0	0.087	1934.02	691.94	1242.08	0.0
303	2019-08-27 09:00	49.96	0.39	0.2	0.15	0.073	0.064	0.009000000000000001	0.0	0.08900000000000001	1934.03	691.95	1242.08	0.0
304	2019-08-27 09:10	50.0	0.1	0.2	0.15	0.019	0.009000000000000001	0.008	0.0	0.102	1934.03	691.95	1242.08	0.0
305	2019-08-27 09:20	50.01	0.11	0.2	0.15	0.021	0.011	0.008	0.0	0.102	1934.04	691.96	1242.08	0.0
306	2019-08-27 09:30	49.99	0.39	0.2	0.15	0.073	0.064	0.008	0.0	0.08900000000000001	1934.04	691.96	1242.08	0.0
307	2019-08-27 09:40	50.0	0.39	0.2	0.15	0.075	0.065	0.009000000000000001	0.0	0.09	1934.05	691.97	1242.08	0.0
308	2019-08-27 09:50	49.99	0.11	0.2	0.15	0.02	0.01	0.009000000000000001	0.0	0.102	1934.07	691.99	1242.08	0.0
309	2019-08-27 10:00	49.98	0.11	0.2	0.15	0.019	0.009000000000000001	0.008	0.0	0.102	1934.07	691.99	1242.08	0.0
310	2019-08-27 10:10	49.99	0.11	0.2	0.15	0.02	0.01	0.009000000000000001	0.0	0.10300000000000001	1934.07	691.99	1242.08	0.0
311	2019-08-27 10:20	49.98	0.11	0.2	0.15	0.019	0.01	0.009000000000000001	0.0	0.102	1934.07	691.99	1242.08	0.0
312	2019-08-27 10:30	49.98	0.1	0.2	0.15	0.019	0.009000000000000001	0.009000000000000001	0.0	0.102	1934.07	691.99	1242.08	0.0
313	2019-08-27 10:40	49.97	0.28	0.2	0.15	0.053	0.044	0.008	0.0	0.093	1934.08	692.0	1242.08	0.0
314	2019-08-27 10:50	49.99	0.1	0.2	0.15	0.019	0.009000000000000001	0.009000000000000001	0.0	0.10300000000000001	1934.08	692.0	1242.08	0.0
315	2019-08-27 11:00	49.99	0.11	0.2	0.15	0.019	0.009000000000000001	0.008	0.0	0.103	1934.1	692.02	1242.08	0.0
316	2019-08-27 11:10	49.99	0.11	0.2	0.15	0.019	0.01	0.008	0.0	0.102	1934.1	692.02	1242.08	0.0
317	2019-08-27 11:20	49.99	0.22	0.2	0.15	0.043	0.034	0.008	0.0	0.096	1934.1	692.02	1242.08	0.0
318	2019-08-27 11:30	50.0	0.11	0.2	0.15	0.02	0.01	0.008	0.0	0.102	1934.11	692.03	1242.08	0.0
319	2019-08-27 11:40	50.0	0.11	0.2	0.15	0.019	0.009000000000000001	0.008	0.0	0.102	1934.11	692.03	1242.08	0.0
320	2019-08-27 11:50	50.02	0.11	0.2	0.15	0.019	0.01	0.009000000000000001	0.0	0.102	1934.11	692.03	1242.08	0.0
321	2019-08-27 12:00	50.01	0.1	0.2	0.15	0.019	0.009000000000000001	0.008	0.0	0.102	1934.12	692.04	1242.08	0.0
322	2019-08-27 12:10	49.97	0.29	0.2	0.15	0.054000000000000006	0.045	0.008	0.0	0.09300000000000001	1934.13	692.05	1242.08	0.0
323	2019-08-27 12:20	50.0	0.1	0.2	0.15	0.019	0.01	0.008	0.0	0.102	1934.13	692.05	1242.08	0.0
324	2019-08-27 12:30	49.99	0.44	0.2	0.15	0.084	0.075	0.008	0.0	0.098	1934.14	692.06	1242.08	0.0
325	2019-08-27 12:40	50.01	0.27	0.2	0.15	0.052000000000000005	0.043	0.008	0.0	0.094	1934.14	692.06	1242.08	0.0
326	2019-08-27 12:50	50.02	0.86	0.2	0.15	0.21100000000000002	0.20199999999999999	0.008	0.0	0.1	1934.16	692.08	1242.08	0.0
327	2019-08-27 13:00	50.02	0.86	0.2	0.15	0.212	0.202	0.009000000000000001	0.0	0.1	1934.19	692.11	1242.08	0.0
328	2019-08-27 13:10	49.98	0.86	0.2	0.15	0.213	0.203	0.008	0.0	0.099	1934.24	692.15	1242.08	0.0
329	2019-08-27 13:20	50.0	0.33	0.2	0.15	0.063	0.053	0.008	0.0	0.09	1934.24	692.16	1242.08	0.0
330	2019-08-27 13:30	49.98	0.46	0.2	0.15	0.084	0.075	0.008	0.0	0.087	1934.25	692.17	1242.08	0.0
331	2019-08-27 13:40	49.98	0.43	0.2	0.15	0.079	0.07	0.008	0.0	0.08800000000000001	1934.27	692.19	1242.08	0.0
332	2019-08-27 13:50	50.01	0.1	0.2	0.15	0.019	0.009000000000000001	0.009000000000000001	0.0	0.102	1934.27	692.19	1242.08	0.0
333	2019-08-27 14:00	50.02	0.1	0.2	0.15	0.019	0.01	0.008	0.0	0.102	1934.28	692.2	1242.08	0.0
334	2019-08-27 14:10	49.99	0.1	0.2	0.15	0.019	0.009000000000000001	0.009000000000000001	0.0	0.102	1934.28	692.2	1242.08	0.0
335	2019-08-27 14:20	50.0	0.31	0.2	0.15	0.057	0.048	0.008	0.0	0.092	1934.29	692.2	1242.09	0.0
336	2019-08-27 14:30	50.01	0.29	0.2	0.15	0.054000000000000006	0.045	0.008	0.0	0.09300000000000001	1934.31	692.2	1242.11	0.0
337	2019-08-27 14:40	49.99	0.11	0.2	0.15	0.019	0.009000000000000001	0.008	0.0	0.101	1934.31	692.2	1242.11	0.0
338	2019-08-27 14:50	49.98	0.1	0.2	0.14	0.019	0.01	0.008	0.0	0.10099999999999999	1934.32	692.2	1242.12	0.0
339	2019-08-27 15:00	49.99	8.53	0.19	0.14	1.993	1.987	0.006999999999999999	0.002	0.093	1934.35	692.2	1242.15	0.0
340	2019-08-27 15:10	50.03	8.45	0.2	0.14	1.949	1.9380000000000002	0.008	0.002	0.091	1934.68	692.2	1242.48	0.0
341	2019-08-27 15:20	49.98	8.33	0.19	0.14	1.932	1.922	0.006999999999999999	0.002	0.099	1935.0	692.2	1242.8	0.0
342	2019-08-27 15:30	50.02	0.1	0.2	0.15	0.019	0.01	0.009000000000000001	0.0	0.10300000000000001	1935.28	692.2	1243.08	0.0
343	2019-08-27 15:40	49.98	0.1	0.2	0.14	0.019	0.01	0.009000000000000001	0.0	0.101	1935.29	692.2	1243.09	0.0
344	2019-08-27 15:50	50.0	0.29	0.2	0.14	0.055999999999999994	0.046	0.008	0.0	0.09300000000000001	1935.3	692.2	1243.1	0.0
345	2019-08-27 16:00	50.03	0.29	0.2	0.15	0.057	0.047	0.008	0.0	0.094	1935.31	692.2	1243.11	0.0
346	2019-08-27 16:10	50.0	0.11	0.2	0.15	0.02	0.01	0.009000000000000001	0.0	0.10300000000000001	1935.31	692.2	1243.11	0.0
347	2019-08-27 16:20	49.99	0.11	0.2	0.15	0.019	0.01	0.008	0.0	0.103	1935.32	692.21	1243.11	0.0
348	2019-08-27 16:30	49.99	0.11	0.2	0.23	0.04	0.01	0.008	0.021	0.114	1935.35	692.24	1243.11	0.0
349	2019-08-27 16:40	49.99	0.29	0.2	0.15	0.056	0.047	0.008	0.0	0.094	1935.35	692.24	1243.11	0.0
350	2019-08-27 16:50	49.99	0.29	0.2	0.15	0.055	0.046	0.008	0.0	0.092	1935.36	692.25	1243.11	0.0
351	2019-08-27 17:00	50.01	0.1	0.2	0.15	0.019	0.009000000000000001	0.008	0.0	0.102	1935.36	692.25	1243.11	0.0
352	2019-08-27 17:10	50.01	0.1	0.2	0.15	0.019	0.009000000000000001	0.008	0.0	0.102	1935.37	692.26	1243.11	0.0
353	2019-08-27 17:20	50.01	0.11	0.2	0.15	0.02	0.011	0.008	0.0	0.102	1935.37	692.26	1243.11	0.0
354	2019-08-27 17:30	49.98	0.3	0.2	0.15	0.057	0.047	0.008	0.0	0.092	1935.38	692.27	1243.11	0.0
355	2019-08-27 17:40	49.99	0.3	0.2	0.15	0.057	0.047	0.009000000000000001	0.0	0.092	1935.39	692.28	1243.11	0.0
356	2019-08-27 17:50	50.0	0.11	0.2	0.23	0.043	0.013000000000000001	0.008	0.021	0.111	1935.39	692.28	1243.11	0.0
357	2019-08-27 18:00	50.01	0.3	0.2	0.15	0.057	0.047	0.008	0.0	0.092	1935.4	692.29	1243.11	0.0
358	2019-08-27 18:10	50.0	0.11	0.2	0.15	0.02	0.01	0.009000000000000001	0.0	0.10099999999999999	1935.41	692.3	1243.11	0.0
359	2019-08-27 18:20	50.0	0.1	0.2	0.15	0.019	0.009000000000000001	0.008	0.0	0.101	1935.41	692.3	1243.11	0.0
360	2019-08-27 18:30	50.01	0.1	0.2	0.15	0.019	0.009000000000000001	0.008	0.0	0.102	1935.42	692.31	1243.11	0.0
361	2019-08-27 18:40	49.99	0.28	0.2	0.14	0.055	0.046	0.008	0.0	0.091	1935.43	692.32	1243.11	0.0
362	2019-08-27 18:50	49.99	0.29	0.2	0.14	0.057	0.048	0.009000000000000001	0.0	0.091	1935.43	692.32	1243.11	0.0
363	2019-08-27 19:00	50.0	0.3	0.2	0.14	0.057	0.048	0.008	0.0	0.091	1935.44	692.33	1243.11	0.0
364	2019-08-27 19:10	49.99	0.11	0.19	0.34	0.057999999999999996	0.01	0.008	0.039	0.121	1935.45	692.34	1243.11	0.0
365	2019-08-27 19:20	50.0	0.35	0.2	0.33	0.111	0.064	0.008	0.038	0.121	1935.5	692.39	1243.11	0.0
366	2019-08-27 19:30	49.98	14.61	0.19	5.52	4.6739999999999995	3.386	0.006	1.281	0.445	1935.69	692.58	1243.11	0.0
367	2019-08-27 19:40	50.0	3.68	0.19	0.34	0.8170000000000001	0.7659999999999999	0.008	0.043	0.509	1936.05	692.94	1243.11	0.0
368	2019-08-27 19:50	50.01	3.68	0.19	0.34	0.818	0.7659999999999999	0.008	0.043	0.51	1936.2	693.09	1243.11	0.0
369	2019-08-27 20:00	49.98	0.36	0.2	2.62	0.266	0.065	0.008	0.192	0.528	1936.25	693.14	1243.11	0.0
370	2019-08-27 20:10	49.97	0.37	0.2	1.35	0.429	0.067	0.008	0.353	0.226	1936.28	693.17	1243.11	0.0
371	2019-08-27 20:20	50.01	0.37	0.2	0.33	0.114	0.065	0.008	0.039	0.125	1936.31	693.2	1243.11	0.0
372	2019-08-27 20:30	49.99	14.57	0.39	0.33	3.449	3.347	0.062	0.040999999999999995	0.141	1936.68	693.57	1243.11	0.0
373	2019-08-27 20:40	50.0	0.59	0.31	0.33	0.21600000000000005	0.134	0.043	0.038	0.135	1937.03	693.92	1243.11	0.0
374	2019-08-27 20:50	50.03	0.52	0.31	0.22	0.18	0.11699999999999999	0.042	0.019	0.135	1937.28	694.17	1243.11	0.0
375	2019-08-27 21:00	49.99	0.77	0.31	0.22	0.234	0.171	0.043	0.019	0.101	1937.54	694.43	1243.11	0.0
376	2019-08-27 21:10	49.99	0.82	0.4	0.22	0.261	0.17600000000000002	0.065	0.019	0.159	1937.76	694.51	1243.25	0.0
377	2019-08-27 21:20	50.03	6.47	0.4	0.34	1.119	2.526	0.064	0.042	0.17	1937.94	694.51	1243.43	0.0
378	2019-08-27 21:30	49.97	0.5	0.36	0.23	0.174	0.1	0.062	0.019	0.11	1938.08	694.51	1243.57	0.0
379	2019-08-27 21:40	50.01	0.48	0.4	0.34	0.201	0.097	0.064	0.039	0.123	1938.13	694.51	1243.62	0.0
380	2019-08-27 21:50	50.05	0.39	0.45	0.15	0.14	0.064	0.075	0.0	0.10800000000000001	1938.15	694.51	1243.64	0.0
381	2019-08-27 22:00	50.01	8.74	0.43	0.23	2.154	2.06	0.071	0.022	0.115	1938.28	694.51	1243.77	0.0
382	2019-08-27 22:10	50.02	8.68	0.32	0.14	2.079	2.031	0.046	0.002	0.092	1938.63	694.51	1244.12	0.0
383	2019-08-27 22:20	50.01	8.67	0.22	0.14	2.049	2.029	0.017	0.002	0.09	1938.99	694.51	1244.48	0.0
384	2019-08-27 22:30	50.0	8.43	0.21	0.14	1.9880000000000002	1.969	0.016	0.002	0.10300000000000001	1939.33	694.51	1244.82	0.0
385	2019-08-27 22:40	50.05	8.69	0.21	0.14	2.0540000000000003	2.035	0.016	0.002	0.091	1939.66	694.51	1245.15	0.0
386	2019-08-27 22:50	50.05	8.7	0.21	0.14	2.059	2.04	0.015	0.002	0.092	1940.01	694.51	1245.5	0.0
387	2019-08-27 23:00	49.97	8.7	0.21	0.14	2.061	2.043	0.015	0.002	0.092	1940.35	694.51	1245.84	0.0
388	2019-08-27 23:10	49.96	8.69	0.21	0.14	2.059	2.041	0.013999999999999999	0.002	0.092	1940.69	694.51	1246.18	0.0
389	2019-08-27 23:20	50.02	8.72	0.2	0.14	2.066	2.051	0.012	0.002	0.092	1941.03	694.51	1246.52	0.0
390	2019-08-27 23:30	50.01	8.77	0.21	0.14	2.092	2.076	0.013000000000000001	0.002	0.092	1941.37	694.51	1246.86	0.0
391	2019-08-27 23:40	50.01	8.53	0.2	0.14	2.032	2.018	0.011	0.002	0.104	1941.73	694.51	1247.22	0.0
392	2019-08-27 23:50	49.99	8.76	0.2	0.15	2.086	2.0709999999999997	0.012	0.002	0.09300000000000001	1942.07	694.51	1247.56	0.0
393	2019-08-28 00:00	49.97	8.75	0.2	0.14	2.0780000000000003	2.066	0.009000000000000001	0.002	0.092	1942.41	694.51	1247.9	0.0
394	2019-08-28 00:10	50.0	0.38	0.2	0.15	0.075	0.064	0.01	0.0	0.094	1942.7	694.51	1248.19	0.0
395	2019-08-28 00:20	50.02	0.39	0.2	0.15	0.076	0.065	0.01	0.0	0.094	1942.72	694.51	1248.21	0.0
396	2019-08-28 00:30	50.01	0.18	0.2	0.15	0.038	0.027000000000000003	0.01	0.0	0.102	1942.87	694.51	1248.36	0.0
397	2019-08-28 00:40	50.0	0.39	0.2	0.15	0.076	0.066	0.009000000000000001	0.0	0.095	1942.97	694.51	1248.46	0.0
398	2019-08-28 00:50	50.02	0.38	0.2	0.15	0.075	0.064	0.01	0.0	0.096	1943.07	694.51	1248.56	0.0
399	2019-08-28 01:00	49.97	8.53	0.2	0.15	2.032	2.019	0.009000000000000001	0.002	0.105	1943.17	694.51	1248.66	0.0
400	2019-08-28 01:10	49.99	0.88	0.2	0.15	0.22	0.209	0.009000000000000001	0.0	0.10400000000000001	1943.2	694.51	1248.69	0.0
401	2019-08-28 01:20	50.01	0.88	0.2	0.15	0.22	0.21	0.009000000000000001	0.0	0.104	1943.35	694.51	1248.84	0.0
402	2019-08-28 01:30	50.02	8.55	0.2	0.15	2.041	2.03	0.008	0.002	0.105	1943.44	694.51	1248.93	0.0
403	2019-08-28 01:40	50.02	0.47	0.2	0.15	0.08900000000000001	0.079	0.009000000000000001	0.0	0.092	1943.49	694.51	1248.98	0.0
404	2019-08-28 01:50	50.03	0.43	0.2	0.15	0.083	0.073	0.009000000000000001	0.0	0.094	1943.62	694.51	1249.11	0.0
405	2019-08-28 02:00	49.99	0.41	0.2	0.15	0.08	0.069	0.009000000000000001	0.0	0.094	1943.63	694.51	1249.12	0.0
406	2019-08-28 02:10	49.99	0.4	0.2	0.15	0.077	0.067	0.009000000000000001	0.0	0.094	1943.75	694.51	1249.24	0.0
407	2019-08-28 02:20	50.01	0.38	0.2	0.15	0.07400000000000001	0.064	0.009000000000000001	0.0	0.096	1943.76	694.51	1249.25	0.0
408	2019-08-28 02:30	50.0	0.38	0.2	0.15	0.073	0.063	0.01	0.0	0.096	1943.89	694.51	1249.38	0.0
409	2019-08-28 02:40	50.01	0.11	0.2	0.15	0.02	0.01	0.009000000000000001	0.0	0.107	1943.9	694.51	1249.39	0.0
410	2019-08-28 02:50	50.02	8.79	0.2	0.15	2.099	2.088	0.008	0.002	0.094	1943.92	694.51	1249.41	0.0
411	2019-08-28 03:00	50.0	0.38	0.2	0.15	0.073	0.063	0.009000000000000001	0.0	0.096	1944.01	694.51	1249.5	0.0
412	2019-08-28 03:10	49.97	0.11	0.2	0.15	0.02	0.01	0.009000000000000001	0.0	0.107	1944.02	694.51	1249.51	0.0
413	2019-08-28 03:20	50.02	0.11	0.2	0.15	0.021	0.01	0.009000000000000001	0.0	0.107	1944.14	694.51	1249.63	0.0
414	2019-08-28 03:30	50.03	0.11	0.2	0.15	0.021	0.01	0.009000000000000001	0.0	0.106	1944.14	694.51	1249.63	0.0
415	2019-08-28 03:40	50.02	0.27	0.2	0.15	0.054000000000000006	0.044	0.009000000000000001	0.0	0.098	1944.16	694.51	1249.65	0.0
416	2019-08-28 03:50	49.99	0.11	0.2	0.15	0.02	0.01	0.009000000000000001	0.0	0.107	1944.28	694.51	1249.77	0.0
417	2019-08-28 04:00	50.01	0.11	0.2	0.15	0.02	0.01	0.009000000000000001	0.0	0.107	1944.28	694.51	1249.77	0.0
418	2019-08-28 04:10	50.0	0.11	0.2	0.15	0.02	0.01	0.009000000000000001	0.0	0.106	1944.28	694.51	1249.77	0.0
419	2019-08-28 04:20	50.0	0.16	0.2	0.15	0.033	0.022	0.009000000000000001	0.0	0.103	1944.39	694.51	1249.88	0.0
420	2019-08-28 04:30	50.0	0.27	0.2	0.15	0.054000000000000006	0.044000000000000004	0.009000000000000001	0.0	0.098	1944.4	694.51	1249.89	0.0
421	2019-08-28 04:40	50.01	0.11	0.2	0.15	0.02	0.01	0.009000000000000001	0.0	0.106	1944.4	694.51	1249.89	0.0
422	2019-08-28 04:50	50.02	0.11	0.2	0.15	0.021	0.01	0.01	0.0	0.106	1944.54	694.51	1250.03	0.0
423	2019-08-28 05:00	50.02	0.11	0.2	0.15	0.021	0.01	0.01	0.0	0.105	1944.54	694.51	1250.03	0.0
424	2019-08-28 05:10	49.98	0.27	0.2	0.15	0.053	0.043	0.009000000000000001	0.0	0.096	1944.54	694.51	1250.03	0.0
425	2019-08-28 05:20	50.03	0.11	0.2	0.15	0.021	0.01	0.01	0.0	0.105	1944.55	694.52	1250.03	0.0
426	2019-08-28 05:30	50.01	0.2	0.2	0.15	0.038	0.027999999999999997	0.009000000000000001	0.0	0.113	1944.55	694.52	1250.03	0.0
427	2019-08-28 05:40	50.0	0.18	0.22	0.15	0.044	0.026	0.017	0.0	0.104	1944.55	694.52	1250.03	0.0
428	2019-08-28 05:50	49.99	0.29	0.23	0.15	0.067	0.046	0.02	0.0	0.098	1944.57	694.54	1250.03	0.0
429	2019-08-28 06:00	50.02	0.29	0.22	0.15	0.063	0.044	0.017	0.0	0.097	1944.59	694.56	1250.03	0.0
430	2019-08-28 06:10	49.99	0.11	0.2	0.15	0.02	0.01	0.009000000000000001	0.0	0.10300000000000001	1944.59	694.56	1250.03	0.0
431	2019-08-28 06:20	50.01	0.12	0.2	0.15	0.021	0.011	0.009000000000000001	0.0	0.105	1944.59	694.56	1250.03	0.0
432	2019-08-28 06:30	50.0	0.12	0.2	0.15	0.021	0.011000000000000001	0.009000000000000001	0.0	0.105	1944.59	694.56	1250.03	0.0
433	2019-08-28 06:40	50.01	0.29	0.2	0.15	0.057	0.047	0.009000000000000001	0.0	0.095	1944.6	694.57	1250.03	0.0
434	2019-08-28 06:50	49.98	0.11	0.2	0.15	0.02	0.01	0.009000000000000001	0.0	0.105	1944.61	694.58	1250.03	0.0
435	2019-08-28 07:00	50.03	0.11	0.2	0.15	0.02	0.01	0.009000000000000001	0.0	0.105	1944.61	694.58	1250.03	0.0
436	2019-08-28 07:10	50.0	0.11	0.2	0.15	0.02	0.01	0.009000000000000001	0.0	0.10400000000000001	1944.62	694.59	1250.03	0.0
437	2019-08-28 07:20	49.99	0.25	0.2	0.15	0.049	0.039	0.009000000000000001	0.0	0.097	1944.62	694.59	1250.03	0.0
438	2019-08-28 07:30	50.0	0.29	0.2	0.15	0.055999999999999994	0.047	0.009000000000000001	0.0	0.096	1944.63	694.6	1250.03	0.0
439	2019-08-28 07:40	50.0	0.11	0.2	0.15	0.021	0.01	0.009000000000000001	0.0	0.105	1944.64	694.61	1250.03	0.0
440	2019-08-28 07:50	49.99	0.11	0.2	0.15	0.02	0.01	0.009000000000000001	0.0	0.105	1944.64	694.61	1250.03	0.0
441	2019-08-28 08:00	50.05	0.11	0.2	0.15	0.021	0.01	0.009000000000000001	0.0	0.106	1944.64	694.61	1250.03	0.0
442	2019-08-28 08:10	50.0	0.29	0.2	0.15	0.055	0.045	0.009000000000000001	0.0	0.09699999999999999	1944.65	694.62	1250.03	0.0
443	2019-08-28 08:20	50.01	0.29	0.2	0.15	0.055	0.045	0.009000000000000001	0.0	0.096	1944.66	694.63	1250.03	0.0
444	2019-08-28 08:30	50.02	0.11	0.2	0.15	0.02	0.01	0.009000000000000001	0.0	0.106	1944.67	694.64	1250.03	0.0
445	2019-08-28 08:40	50.03	0.11	0.2	0.15	0.02	0.01	0.009000000000000001	0.0	0.105	1944.67	694.64	1250.03	0.0
446	2019-08-28 08:50	50.01	0.11	0.2	0.15	0.02	0.01	0.009000000000000001	0.0	0.105	1944.67	694.64	1250.03	0.0
447	2019-08-28 09:00	49.98	0.29	0.2	0.15	0.057	0.047	0.009000000000000001	0.0	0.095	1944.67	694.64	1250.03	0.0
448	2019-08-28 09:10	50.01	0.3	0.2	0.15	0.057	0.047	0.008	0.0	0.09300000000000001	1944.69	694.66	1250.03	0.0
449	2019-08-28 09:20	49.99	0.11	0.2	0.15	0.02	0.01	0.009000000000000001	0.0	0.105	1944.7	694.67	1250.03	0.0
450	2019-08-28 09:30	50.01	0.11	0.2	0.15	0.02	0.01	0.009000000000000001	0.0	0.10400000000000001	1944.7	694.67	1250.03	0.0
451	2019-08-28 09:40	50.03	0.11	0.2	0.15	0.02	0.01	0.009000000000000001	0.0	0.104	1944.7	694.67	1250.03	0.0
452	2019-08-28 09:50	50.0	0.3	0.2	0.15	0.055999999999999994	0.047	0.009000000000000001	0.0	0.094	1944.7	694.67	1250.03	0.0
453	2019-08-28 10:00	50.02	0.3	0.2	0.15	0.058	0.047	0.009000000000000001	0.0	0.093	1944.71	694.68	1250.03	0.0
454	2019-08-28 10:10	50.01	0.11	0.2	0.15	0.02	0.01	0.009000000000000001	0.0	0.10300000000000001	1944.72	694.69	1250.03	0.0
455	2019-08-31 12:00	50.0	0.23	0.28	0.15	0.069	0.035	0.033	0.0	0.099	1970.31	702.3	1268.01	0.0
456	2019-08-31 12:10	50.02	0.42	0.28	0.15	0.10300000000000001	0.069	0.033	0.0	0.092	1970.32	702.31	1268.01	0.0
457	2019-08-31 12:20	50.01	0.41	0.27	0.15	0.102	0.068	0.032	0.0	0.093	1970.34	702.33	1268.01	0.0
458	2019-08-31 12:30	50.0	0.55	0.27	0.23	0.152	0.098	0.033	0.02	0.109	1970.36	702.35	1268.01	0.0
459	2019-08-31 12:40	50.03	0.41	0.2	0.15	0.077	0.067	0.009000000000000001	0.0	0.091	1970.38	702.37	1268.01	0.0
460	2019-08-31 12:50	50.02	0.39	0.2	0.15	0.076	0.066	0.009000000000000001	0.0	0.09300000000000001	1970.39	702.38	1268.01	0.0
461	2019-08-31 13:00	50.02	0.39	0.2	0.15	0.076	0.065	0.009000000000000001	0.0	0.092	1970.4	702.39	1268.01	0.0
462	2019-08-31 13:10	50.02	0.38	0.2	0.15	0.073	0.063	0.009000000000000001	0.0	0.091	1970.41	702.4	1268.01	0.0
463	2019-08-31 13:20	50.0	0.4	0.2	0.15	0.076	0.066	0.009000000000000001	0.0	0.091	1970.42	702.41	1268.01	0.0
464	2019-08-31 13:30	49.98	0.14	0.2	0.15	0.028999999999999998	0.019	0.009000000000000001	0.0	0.102	1970.43	702.42	1268.01	0.0
465	2019-08-31 13:40	50.0	0.39	0.2	0.15	0.07400000000000001	0.064	0.009000000000000001	0.0	0.091	1970.45	702.44	1268.01	0.0
466	2019-08-31 13:50	50.01	0.39	0.2	0.15	0.07400000000000001	0.064	0.009000000000000001	0.0	0.091	1970.46	702.45	1268.01	0.0
467	2019-08-31 14:00	50.01	0.12	0.2	0.15	0.021	0.012	0.009000000000000001	0.0	0.103	1970.47	702.46	1268.01	0.0
468	2019-08-31 14:10	50.01	0.87	0.2	0.15	0.218	0.20800000000000002	0.009000000000000001	0.0	0.1	1970.5	702.46	1268.04	0.0
469	2019-08-31 14:20	50.0	0.87	0.2	0.15	0.21600000000000005	0.206	0.008	0.0	0.1	1970.54	702.46	1268.08	0.0
470	2019-08-31 14:30	49.96	0.11	0.2	0.15	0.021	0.011000000000000001	0.009000000000000001	0.0	0.10400000000000001	1970.57	702.46	1268.11	0.0
471	2019-08-31 14:40	50.0	0.5	0.2	0.15	0.094	0.084	0.009000000000000001	0.0	0.08800000000000001	1970.57	702.46	1268.11	0.0
472	2019-08-31 14:50	50.01	0.46	0.2	0.15	0.087	0.077	0.009000000000000001	0.0	0.08900000000000001	1970.59	702.46	1268.13	0.0
473	2019-08-31 15:00	50.01	8.76	0.19	0.14	2.074	2.067	0.008	0.002	0.08800000000000001	1970.62	702.46	1268.16	0.0
474	2019-08-31 15:10	49.98	8.59	0.2	0.14	1.9909999999999999	1.9809999999999999	0.008	0.002	0.08800000000000001	1970.97	702.46	1268.51	0.0
475	2019-08-31 15:20	49.99	8.66	0.19	0.14	2.029	2.02	0.008	0.002	0.08900000000000001	1971.32	702.46	1268.86	0.0
476	2019-08-31 15:30	50.0	8.79	0.19	0.14	2.095	2.085	0.006999999999999999	0.002	0.08900000000000001	1971.66	702.46	1269.2	0.0
477	2019-08-31 15:40	49.98	8.76	0.19	0.14	2.085	2.074	0.008	0.002	0.09	1972.0	702.46	1269.54	0.0
478	2019-08-31 15:50	49.98	0.4	0.2	0.15	0.077	0.068	0.009000000000000001	0.0	0.091	1972.24	702.46	1269.78	0.0
479	2019-08-31 16:00	50.04	0.41	0.2	0.15	0.08	0.07	0.009000000000000001	0.0	0.09	1972.25	702.46	1269.79	0.0
480	2019-08-31 16:10	49.98	0.41	0.2	0.15	0.078	0.068	0.009000000000000001	0.0	0.09	1972.4	702.59	1269.81	0.0
481	2019-08-31 16:20	49.97	8.69	0.19	0.15	2.046	2.035	0.008	0.002	0.08900000000000001	1972.44	702.63	1269.81	0.0
482	2019-08-31 16:30	49.98	0.41	0.2	0.15	0.078	0.068	0.009000000000000001	0.0	0.08900000000000001	1972.54	702.73	1269.81	0.0
483	2019-08-31 16:40	49.98	0.11	0.2	0.14	0.021	0.011	0.009000000000000001	0.0	0.102	1972.55	702.74	1269.81	0.0
484	2019-08-31 16:50	49.99	0.12	0.2	0.15	0.023	0.013000000000000001	0.009000000000000001	0.0	0.102	1972.56	702.75	1269.81	0.0
485	2019-08-31 17:00	50.03	0.4	0.2	0.15	0.077	0.069	0.009000000000000001	0.0	0.09	1972.57	702.76	1269.81	0.0
486	2019-08-31 17:10	50.05	0.41	0.2	0.15	0.079	0.07	0.009000000000000001	0.0	0.09	1972.58	702.77	1269.81	0.0
487	2019-08-31 17:20	49.97	0.11	0.2	0.15	0.02	0.01	0.009000000000000001	0.0	0.104	1972.59	702.78	1269.81	0.0
488	2019-08-31 17:30	50.0	0.11	0.2	0.15	0.02	0.01	0.009000000000000001	0.0	0.10400000000000001	1972.59	702.78	1269.81	0.0
489	2019-08-31 17:40	50.0	0.11	0.2	0.14	0.021	0.011	0.009000000000000001	0.0	0.103	1972.59	702.78	1269.81	0.0
490	2019-08-31 17:50	49.99	0.11	0.2	0.15	0.02	0.011000000000000001	0.009000000000000001	0.0	0.10400000000000001	1972.59	702.78	1269.81	0.0
491	2019-08-31 18:00	50.01	0.11	0.2	0.15	0.021	0.011	0.009000000000000001	0.0	0.105	1972.61	702.8	1269.81	0.0
492	2019-08-31 18:10	49.97	0.29	0.2	0.15	0.055999999999999994	0.046	0.009000000000000001	0.0	0.094	1972.61	702.8	1269.81	0.0
493	2019-08-31 18:20	50.02	0.11	0.2	0.14	0.021	0.01	0.009000000000000001	0.0	0.103	1972.61	702.8	1269.81	0.0
494	2019-08-31 18:30	49.99	0.11	0.2	0.15	0.021	0.011000000000000001	0.009000000000000001	0.0	0.10300000000000001	1972.62	702.81	1269.81	0.0
495	2019-08-31 18:40	50.0	0.11	0.2	0.15	0.021	0.01	0.009000000000000001	0.0	0.104	1972.62	702.81	1269.81	0.0
496	2019-08-31 18:50	49.99	0.27	0.2	0.15	0.054000000000000006	0.044000000000000004	0.009000000000000001	0.0	0.095	1972.62	702.81	1269.81	0.0
497	2019-08-31 19:00	49.97	0.11	0.2	0.15	0.021	0.01	0.009000000000000001	0.0	0.104	1972.64	702.83	1269.81	0.0
498	2019-08-31 19:10	49.98	0.11	0.2	0.15	0.02	0.01	0.009000000000000001	0.0	0.10300000000000001	1972.64	702.83	1269.81	0.0
499	2019-08-31 19:20	50.0	0.11	0.2	0.15	0.021	0.01	0.009000000000000001	0.0	0.103	1972.64	702.83	1269.81	0.0
500	2019-08-31 19:30	50.0	0.11	0.2	0.15	0.021	0.011000000000000001	0.009000000000000001	0.0	0.10300000000000001	1972.64	702.83	1269.81	0.0
501	2019-08-31 19:40	50.02	0.3	0.2	0.15	0.058	0.048	0.009000000000000001	0.0	0.095	1972.65	702.84	1269.81	0.0
502	2019-08-31 19:50	50.01	0.11	0.2	0.14	0.021	0.011000000000000001	0.009000000000000001	0.0	0.10300000000000001	1972.66	702.85	1269.81	0.0
503	2019-08-31 20:00	49.97	0.11	0.2	0.14	0.021	0.011	0.009000000000000001	0.0	0.102	1972.67	702.86	1269.81	0.0
504	2019-08-31 20:10	49.99	0.11	0.2	0.14	0.021	0.011000000000000001	0.009000000000000001	0.0	0.10300000000000001	1972.67	702.86	1269.81	0.0
505	2019-08-31 20:20	50.01	0.19	0.2	0.15	0.039	0.028	0.009000000000000001	0.0	0.101	1972.67	702.86	1269.81	0.0
506	2019-08-31 20:30	49.99	0.29	0.2	0.15	0.057	0.047	0.009000000000000001	0.0	0.096	1972.68	702.87	1269.81	0.0
507	2019-08-31 20:40	50.02	0.11	0.2	0.15	0.021	0.011	0.009000000000000001	0.0	0.105	1972.69	702.88	1269.81	0.0
508	2019-08-31 20:50	50.03	0.11	0.2	0.15	0.021	0.011000000000000001	0.009000000000000001	0.0	0.105	1972.69	702.88	1269.81	0.0
509	2019-08-31 21:00	49.95	0.11	0.2	0.15	0.021	0.01	0.009000000000000001	0.0	0.105	1972.69	702.88	1269.81	0.0
510	2019-08-31 21:10	50.02	0.26	0.2	0.15	0.051	0.040999999999999995	0.009000000000000001	0.0	0.099	1972.7	702.89	1269.81	0.0
511	2019-08-31 21:20	50.03	0.3	0.2	0.15	0.058	0.048	0.009000000000000001	0.0	0.097	1972.72	702.89	1269.83	0.0
512	2019-08-31 21:30	50.0	0.11	0.2	0.15	0.021	0.011000000000000001	0.009000000000000001	0.0	0.105	1972.72	702.89	1269.83	0.0
513	2019-08-31 21:40	50.01	0.11	0.2	0.15	0.021	0.01	0.009000000000000001	0.0	0.105	1972.73	702.89	1269.84	0.0
514	2019-08-31 21:50	50.01	0.12	0.2	0.15	0.021	0.011000000000000001	0.009000000000000001	0.0	0.105	1972.73	702.89	1269.84	0.0
515	2019-08-31 22:00	50.0	8.68	0.19	0.14	2.065	2.057	0.008	0.002	0.096	1972.85	702.89	1269.96	0.0
516	2019-08-31 22:10	50.01	8.66	0.19	0.14	2.0540000000000003	2.044	0.008	0.002	0.095	1973.19	702.89	1270.3	0.0
517	2019-08-31 22:20	50.0	0.11	0.2	0.15	0.021	0.01	0.009000000000000001	0.0	0.106	1973.52	702.89	1270.63	0.0
518	2019-08-31 22:30	49.99	0.11	0.2	0.15	0.021	0.01	0.009000000000000001	0.0	0.106	1973.53	702.89	1270.64	0.0
519	2019-08-31 22:40	50.01	0.11	0.2	0.15	0.021	0.011	0.009000000000000001	0.0	0.106	1973.53	702.89	1270.64	0.0
520	2019-08-31 22:50	50.03	8.63	0.19	0.14	2.041	2.03	0.008	0.002	0.094	1973.65	702.89	1270.76	0.0
521	2019-08-31 23:00	49.98	0.29	0.2	0.15	0.058	0.048	0.009000000000000001	0.0	0.096	1973.71	702.89	1270.82	0.0
522	2019-08-31 23:10	50.0	0.11	0.2	0.15	0.021	0.011000000000000001	0.009000000000000001	0.0	0.10400000000000001	1973.71	702.89	1270.82	0.0
523	2019-08-31 23:20	50.03	0.11	0.2	0.15	0.021	0.01	0.009000000000000001	0.0	0.105	1973.71	702.89	1270.82	0.0
524	2019-08-31 23:30	50.02	0.11	0.2	0.15	0.021	0.011000000000000001	0.009000000000000001	0.0	0.105	1973.87	702.89	1270.98	0.0
525	2019-08-31 23:40	50.02	0.29	0.2	0.15	0.057	0.047	0.009000000000000001	0.0	0.098	1973.88	702.89	1270.99	0.0
526	2019-08-31 23:50	50.0	0.3	0.2	0.15	0.059000000000000004	0.048	0.009000000000000001	0.0	0.09699999999999999	1973.89	702.89	1271.0	0.0
527	2019-09-01 00:00	49.98	0.11	0.2	0.15	0.021	0.011	0.009000000000000001	0.0	0.105	1973.9	702.89	1271.01	0.0
528	2019-09-01 00:10	49.99	8.42	0.19	0.14	1.9780000000000002	1.9669999999999999	0.008	0.002	0.10300000000000001	1973.91	702.89	1271.02	0.0
529	2019-09-01 00:20	50.0	0.11	0.2	0.15	0.021	0.01	0.009000000000000001	0.0	0.105	1974.06	702.89	1271.17	0.0
530	2019-09-01 00:30	50.0	0.28	0.2	0.15	0.055	0.045	0.009000000000000001	0.0	0.099	1974.06	702.89	1271.17	0.0
531	2019-09-01 00:40	50.01	0.29	0.2	0.15	0.058	0.048	0.009000000000000001	0.0	0.098	1974.08	702.89	1271.19	0.0
532	2019-09-01 00:50	50.0	0.11	0.2	0.15	0.021	0.01	0.009000000000000001	0.0	0.105	1974.09	702.89	1271.2	0.0
533	2019-09-01 01:00	49.97	0.11	0.2	0.15	0.021	0.011	0.009000000000000001	0.0	0.106	1974.09	702.89	1271.2	0.0
534	2019-09-01 01:10	49.97	0.11	0.2	0.15	0.021	0.01	0.009000000000000001	0.0	0.106	1974.09	702.89	1271.2	0.0
535	2019-09-01 01:20	50.0	0.26	0.2	0.15	0.051	0.041	0.009000000000000001	0.0	0.1	1974.25	702.89	1271.36	0.0
536	2019-09-01 01:30	50.01	0.31	0.2	0.15	0.06	0.05	0.009000000000000001	0.0	0.098	1974.26	702.89	1271.37	0.0
537	2019-09-01 01:40	50.04	0.12	0.2	0.15	0.021	0.011	0.009000000000000001	0.0	0.106	1974.28	702.89	1271.39	0.0
538	2019-09-01 01:50	50.0	0.11	0.2	0.15	0.021	0.011000000000000001	0.009000000000000001	0.0	0.106	1974.28	702.89	1271.39	0.0
539	2019-09-01 02:00	49.99	0.11	0.2	0.15	0.021	0.011	0.009000000000000001	0.0	0.106	1974.28	702.89	1271.39	0.0
540	2019-09-01 02:10	50.01	0.21	0.2	0.15	0.042	0.032	0.009000000000000001	0.0	0.102	1974.28	702.89	1271.39	0.0
541	2019-09-01 02:20	50.01	0.29	0.2	0.15	0.057	0.047	0.009000000000000001	0.0	0.099	1974.29	702.89	1271.4	0.0
542	2019-09-01 02:30	50.04	0.29	0.2	0.15	0.057	0.047	0.009000000000000001	0.0	0.099	1974.3	702.89	1271.41	0.0
543	2019-09-01 02:40	50.03	0.11	0.2	0.15	0.02	0.011	0.009000000000000001	0.0	0.107	1974.48	702.89	1271.59	0.0
544	2019-09-01 02:50	50.02	0.11	0.2	0.15	0.021	0.01	0.009000000000000001	0.0	0.107	1974.49	702.89	1271.6	0.0
545	2019-09-01 03:00	50.0	0.11	0.2	0.15	0.021	0.011	0.009000000000000001	0.0	0.107	1974.49	702.89	1271.6	0.0
546	2019-09-01 03:10	50.0	0.29	0.2	0.15	0.059000000000000004	0.049	0.009000000000000001	0.0	0.1	1974.5	702.89	1271.61	0.0
547	2019-09-01 03:20	50.0	0.29	0.2	0.15	0.059	0.048	0.009000000000000001	0.0	0.1	1974.5	702.89	1271.61	0.0
548	2019-09-01 03:30	50.03	0.11	0.2	0.15	0.021	0.011000000000000001	0.009000000000000001	0.0	0.106	1974.51	702.89	1271.62	0.0
549	2019-09-01 03:40	50.03	0.11	0.2	0.15	0.021	0.011	0.009000000000000001	0.0	0.106	1974.51	702.89	1271.62	0.0
550	2019-09-01 03:50	50.01	0.11	0.2	0.15	0.021	0.011000000000000001	0.009000000000000001	0.0	0.107	1974.52	702.89	1271.63	0.0
551	2019-09-01 04:00	50.03	0.28	0.2	0.15	0.056	0.046	0.009000000000000001	0.0	0.1	1974.53	702.89	1271.64	0.0
552	2019-09-01 04:10	50.02	8.66	0.19	0.14	2.0540000000000003	2.043	0.008	0.002	0.09699999999999999	1974.61	702.89	1271.72	0.0
553	2019-09-01 04:20	50.0	0.11	0.2	0.15	0.021	0.01	0.009000000000000001	0.0	0.106	1974.74	702.89	1271.85	0.0
554	2019-09-01 04:30	50.02	0.11	0.2	0.15	0.021	0.011000000000000001	0.009000000000000001	0.0	0.106	1974.74	702.89	1271.85	0.0
555	2019-09-01 04:40	50.05	0.11	0.2	0.15	0.021	0.011	0.009000000000000001	0.0	0.107	1974.74	702.89	1271.85	0.0
556	2019-09-01 04:50	50.01	0.26	0.2	0.15	0.052000000000000005	0.042	0.009000000000000001	0.0	0.099	1974.76	702.89	1271.87	0.0
557	2019-09-01 05:00	50.02	0.28	0.2	0.15	0.056	0.046	0.009000000000000001	0.0	0.098	1974.76	702.89	1271.87	0.0
558	2019-09-01 05:10	50.0	0.28	0.2	0.15	0.055999999999999994	0.045	0.009000000000000001	0.0	0.098	1974.78	702.9	1271.88	0.0
559	2019-09-01 04:20	50.03	8.69	0.41	0.25	2.158	2.063	0.067	0.027000000000000003	0.105	1978.46	703.77	1274.69	0.0
560	2019-09-01 04:30	50.02	8.59	0.41	0.27	2.115	2.0180000000000002	0.067	0.028999999999999998	0.106	1978.8	703.77	1275.03	0.0
561	2019-09-01 04:40	50.0	8.69	0.41	9.05	4.155	2.066	0.067	2.021	0.117	1979.17	703.77	1275.4	0.0
562	2019-09-01 04:50	50.0	0.11	0.41	0.15	0.08199999999999999	0.01	0.069	0.002	0.115	1979.58	703.77	1275.81	0.0
563	2019-09-01 05:00	49.98	0.11	0.41	0.15	0.08199999999999999	0.01	0.068	0.002	0.115	1979.6	703.77	1275.83	0.0
564	2019-09-01 05:10	50.02	0.2	0.41	0.15	0.10300000000000001	0.031	0.069	0.002	0.11	1979.61	703.77	1275.84	0.0
565	2019-09-01 05:20	50.02	0.29	0.41	0.15	0.119	0.047	0.068	0.002	0.107	1979.64	703.77	1275.87	0.0
566	2019-09-01 05:30	49.99	0.35	0.54	0.15	0.154	0.063	0.09	0.0	0.113	1979.65	703.78	1275.87	0.0
567	2019-09-01 05:40	50.01	0.3	0.51	0.15	0.124	0.047	0.076	0.0	0.093	1979.68	703.81	1275.87	0.0
568	2019-09-01 05:50	50.0	9.67	0.44	0.14	2.323	2.254	0.063	0.002	0.08800000000000001	1979.74	703.87	1275.87	0.0
569	2019-09-01 06:00	49.99	0.29	0.45	0.15	0.114	0.043	0.065	0.005	0.096	1979.78	703.91	1275.87	0.0
570	2019-09-01 06:10	49.97	3.85	0.45	0.55	0.863	0.659	0.066	0.06	0.565	1980.05	704.18	1275.87	0.0
571	2019-09-01 06:20	50.05	3.66	0.38	0.52	0.799	0.687	0.054000000000000006	0.057	0.578	1980.18	704.31	1275.87	0.0
572	2019-09-01 06:30	50.03	3.17	0.42	8.8	2.636	0.767	0.064	2.009	0.504	1980.58	704.71	1275.87	0.0
573	2019-09-01 06:40	49.99	3.4	0.4	8.72	2.821	0.74	0.061	2.018	0.486	1980.79	704.92	1275.87	0.0
